2 0.34392500000000004 0.840782 0.052335999999999994 0.12849200000000005
2 0.2 0.5321225 0.10841199999999998 0.282123
2 0.27196299999999995 0.7290505 0.03551399999999999 0.13966500000000004
2 0.30467299999999997 0.6243015 0.026168000000000025 0.11452499999999999
2 0.3252335 0.650838 0.018691000000000013 0.10614599999999996
2 0.38504649999999996 0.5977650000000001 0.08224300000000001 0.189944
2 0.442056 0.5293295 0.028038000000000007 0.09217900000000001
2 0.5102805 0.73743 0.04112100000000002 0.06145199999999995
2 0.540187 0.49301700000000004 0.08971999999999997 0.08100599999999997
2 0.528037 0.546089 0.035514000000000046 0.086592
2 0.557944 0.7583795 0.05046799999999996 0.07541900000000001
2 0.590654 0.5460895 0.02242999999999995 0.10893899999999995
2 0.6121495 0.4860335 0.02056100000000005 0.07821300000000003
2 0.6242989999999999 0.49022350000000003 0.02616800000000008 0.11452500000000004
2 0.6831775 0.5670390000000001 0.02803700000000009 0.11731799999999992
2 0.7224299999999999 0.488827 0.016822000000000004 0.07262600000000002
2 0.762617 0.4944135 0.02616799999999997 0.06703899999999996
2 0.7766355 0.7248605 0.05046700000000004 0.17597700000000005
2 0.847664 0.6536315 0.035514000000000046 0.15642500000000004
2 0.862617 0.7360335 0.035513999999999935 0.19273699999999994
